a1 = [63.14445447,3.8464372,0.4158832844,0.3695524202,0.08746106361,-0.1337522786,0.2961289419,0.1481741796,-0.2353883251,0.09399249647,-0.1538978199,0.233615134]
a2 = [64.11741816,3.419368669,0.9569679605,0.3840862501,0.07814075303,-0.1229639591,0.02985321809,0.1491091833,0.02899625285,0.05196032274,0.2596098438,0.07364049564]
a3 = [63.99585112,3.795840113,0.3484088895,0.4071788941,0.08260375437,0.2451950051,0.09884994438,-0.04640752829,-0.04826315454,0.2385501641,0.04460446056,0.1202201747]
a4 = [16.02097434,1.253074147,-0.255199746,0.4398665024,-0.2171605318,-0.0671930056,0.04760909641,0.05378361497,0.1664478999,-0.1412713881,-0.107594707,-0.01160368875]
a5 = [8.719760589,0.812418026,-0.1530323563,0.1242863329,-0.09048595915,-0.07278439425,0.09679122168,-0.04824579569,-0.1194642801,0.08013340566,-0.01283551447,0.005705712498]
a6 = [64.61350353,3.897149875,0.8834439241,-0.007566380055,0.3211701597,0.1278674554,0.07810124808,0.1587321747,0.1003165104,0.03590044572,0.03013318791,-0.01484059122]
