a1 = [-3.974481729,-0.1263495593,-0.4067543235,0.01745835125,-0.1796686892,-0.2380602704,0.1848183571,0.1111534751,0.1410606719,-0.1188737254,0.204341082,0.08596264769]
a2 = [-2.879402505,-0.2289470597,-0.06954506711,-0.2848223507,-0.1062309611,0.3852371141,-0.06828043869,0.04329703184,-0.1658631864,0.06520792009,0.1317506179,0.1089594315]
a3 = [-15.48327905,-0.9624320655,-0.2938480256,0.1029311099,0.1229936523,-0.1747752232,-0.1249713243,-0.0289180248,-0.2055965047,0.1022627615,-0.00471635562,0.1057880618]
a4 = [5.48381531,0.2539851576,-0.0966234675,0.1034346666,0.2802400541,0.09354399279,0.04664159028,0.1417473342,0.08747729151,-0.118674041,-0.2021042497,-0.1188666917]
a5 = [-3.457531933,-0.02541007691,0.04787478494,0.1399078032,-0.03943158005,0.1568844436,0.08727102279,-0.3505478601,-0.2097099887,0.0731556096,-0.08965735876,-0.0001165922718]
a6 = [15.56779926,0.9466292359,0.1124677763,-0.1784619549,0.03998879987,0.009266604668,0.02877817151,-0.1009716712,0.1881795823,0.1255953629,0.11153501,0.01357831564]
