b1 = [-10.06414131,-1.229285423,-0.2722715415,-0.6394408793,-0.08185129266]
b2 = [0.5282745708,0.1546858548,0.07585662935,-0.1232269499,0.04714922985]
b3 = [0.4948850456,-0.2634902153,0.3416064855,-0.3254315759,0.2266031683]
b4 = [1.057259467,0.0996320244,0.4582898201,-0.02462075707,-0.1519593253]
b5 = [6.407866956,0.4273336966,0.2401572619,0.49581804,0.08918611026]
b6 = [-1.485874308,-0.08921784544,-0.6665128301,0.1327547781,0.1467095463]
