b1 = [-4.983486462,-0.6646498568,0.0696294451,-0.3263522735,0.2748071868,0.08897728028,-0.03995933275,-0.289819589,0.05410070653,0.1583118304,-0.1142001099,-0.08114596991]
b2 = [-1.579210055,-0.3321490577,-0.03358183824,-0.1007133875,-0.04294468737,0.1379136671,-0.05488468231,0.2250829443,-0.004463852945,0.05901332247,-0.1185737897,-0.1002952046]
b3 = [16.19067969,2.111171971,0.6044306836,0.1298165628,0.188193796,0.1389974498,0.3463904142,0.03915189273,-0.08019820825,0.004420793493,-0.05068760844,0.06117448896]
b4 = [-3.336393249,-0.4553697064,0.1293391526,-0.2799145946,-0.07875538921,-0.1136321062,0.1184144644,-0.007733498579,-0.1495017066,0.06496210931,0.02866627605,0.01673143292]
b5 = [-7.360036037,-0.8058649422,-0.2171924267,0.006336341544,-0.1781437793,-0.2281202047,-0.1201023722,0.01281586982,0.07224526478,0.03602901236,0.001639835072,-0.037521979]
b6 = [-0.5312438088,-0.1227335589,0.0469799162,0.5145122936,-0.3587586725,-0.1211934596,-0.1937368106,0.07565619836,0.06878238849,0.03166549201,-0.04415950475,0.04416693807]
